111111 6161616616.

1666116 316 (aridolus auch bei 61666 3, 3), 1666616666 331.
palleolis 65, 6. ioerirrerioe 66, 16, aridolus 63. pellucidoius
69, 4. Aueh 061611 6666616166 6661116166111666116, 16 661
Umgengsspraohe 6661 6666 6666 6666661 61616 666 (1661611166
666 11166616161166 6666166 81116, 611.661.Η6661, 66666. 1, 81
(6616116166616) 6116111116 praef. p. XXIIII.

6. 1616661666666. belles 61661 16 661 1166666666166116
(3, 141. 8, 16. 22, 9. 24, 11. 43, 2; 6. 69. 18. 81. 106), Δ66111666
6616166 6616 6666166· 8111 66666311 (61, 883 198. 64, 28; 105.
86, 5 - von 6. 19 161 6611111166 6666661166). 1166666 666 61-
66666616 semper (61, 215. 62, 33. 63, 90. 64, 315. 65, ι11 f. 66,
15; 81 f. 68, 121. 6666666 66192, 1. 110, 1) 66666 6661 66·
6666116661611 osque (5, 9. 45, 14. 48, 2. 16, 11). peraeque 6, 9
161616661666. vireo, 6666 1666616 6666666 meisi 16 6611161-
666666616666 puello. Wendungen: iio me di 661661 91, 1; (166
6666611616 6. 61, 196. 66, 18. 866666611611 94, 2. 100, 41
bosio 6661616666 611611666Α666166116ε 6116111. 66 1, 9 (1116661,
11161. 86616111, 386). 1666116111666 1111Κ66166161166 6. (116
Anm. zu 3, 2. 1116661 (1. 661166166 1161161 661 -6666 (laboriosos
1. 38 muscosos 68. ostreosus fg. 1 6. v. 6.) 666 iio (61661616
6. osculatio 48 u. v. 6.) 6666166 jeder 8111611 66, 616 661 -116
6166661 O. 661661 jedooh mehr im gew6hnliohen Ausdruck.

11. 11611166. -16 61611 -ris 16 (161 2. 6616. pass: irascere
54, «6. conarere 116, 3 (66666 videberis 6. 8 diceris 6. 8 orieris 12
oereris 11 ioooris 21 experiris 21 6616665266611661 fereris 61),
666 -re 66666 riori, 16 6613. plur. perf. 6616 1616616 8, 33 8.
’ frere 49, 2. exsiluere 62, 81. 6. 6. w, (18 -re 66666 18 roei,
beides allerdings (16166 6116 811161166 16116111, 161. 62, 28).

III. 8111161166666. 6666 61616666 Mitte] (161 1166161111
666661 auch 61666666666616666 66, 666161 1611611611,666
661 661666 6661666111 (161611, 661666166611666166166 kein 166-
16116666111166161 ist. 86 616 Α66611616 (2, 21.3,16, 161. 616
(1616. 4, 161. 6, 12. 8, 1511. 666 611), 616 6616166116 (14,
16 666, 666 ior tibi. 38, 3), fiir 616 61166616666161611661661-
66666666 6166166116161, 6666616 wir 1111 616 11661 661116-
666116, 616 0., 661 661666166 3,13 (bello—iore 6611666) 6661
16 661 66 24, 1 (ebrioso ooirro ebriosioris) besproohenen Art mit
Vorliebe und zum 1611611 661 6616166666 11116666 661661 Ge·
616616 66666661. 1116 4111116161166 66116610.66616666616
616 11116166 6661761611 16 666 Κ6661666166166, 6661661161161
6666 16 66666 661666666666166116 66, 6166 6616616 Β6666,

666 6616 616661 66111 1661166116 Κ1666 616616661166 6166611666
1611) beroae 66616 14, 103 ire eollo sibi eollooore 10, 233 olere .

1) (1. 61666, Euthyihmische Technik 666 O, 11166 1819, 66111 1611161-
666166 dieser Figur viel 66 6616 61 61661 66661 661666166616 1111111616-
116666 661 0., dom 6616116 1166616161 66611616 leg.

 

